7244
6845
9709
4230
5849
6452
976
1681
9461
3101
2154
7163
2144
720
7807
9122
4807
5840
7108
156
7078
835
9087
2351
871
9146
2028
3366
9622
7559
7363
3667
3818
1883
356
9983
8025
8948
628
4367
7984
6977
6242
7292
3769
5869
4631
4981
7702
8684
6349
9355
3556
7659
4843
3474
7071
5601
8551
9223
9007
996
6713
4808
8597
3792
3216
452
4666
7105
2523
5292
4737
2651
9575
9240
3890
9618
8505
3127
4334
5157
6359
645
2838
5600
1199
968
5750
8036
8048
4181
5662
2916
5211
4966
5259
1661
429
2685
6449
1205
8924
1563
535
2245
7099
6911
7899
5285
9857
9475
9672
1632
6075
3880
8515
4059
9542
5271
7669
1533
7256
3287
853
8366
1035
6621
2245
1669
990
6031
5048
9315
7931
9378
1768
5669
4889
6479
2700
2961
5332
8590
6088
7839
640
7815
8848
1850
9487
9785
5786
6090
7229
1091
2898
2563
8280
7559
8523
3176
4241
3989
4634
7073
5584
176
9908
9860
5664
4902
6788
2178
1532
2383
9755
8058
915
6013
2141
6330
9
1875
866
8809
1457
8676
7083
7621
1466
6003
2049
4416
5886
3978
2182
3703
2389
4114
2138
3835
2801
7213
6481
5788
3710
6972
7228
9730
5264
5773
6749
8224
9544
8748
1757
3942
7067
8153
4584
8172
1965
8517
3122
873
595
4554
3432
2893
8815
8829
5117
210
4076
910
9841
7035
8700
2118
7163
3541
7658
4826
260
2999
6968
8924
7388
2414
6823
9111
2751
805
1279
2439
2517
5020
8148
5809
3148
5645
7651
4997
7279
5732
756
5536
1279
6474
2139
6377
4209
7858
943
4331
6221
9153
5740
1877
3390
6774
6427
9215
5866
6073
371
2986
1992
2853
6228
9227
7963
8497
4827
6458
9290
6444
3105
7086
3541
7852
732
2573
2605
7721
4606
1770
3847
9031
3818
968
981
9348
4659
6679
5141
2764
72
5376
6733
8880
4747
2528
9012
9222
299
8575
1405
5198
1509
9244
9238
3637
1451
7759
9995
6551
797
5213
3894
1848
4556
4591
7749
5912
2022
2571
7220
3296
4290
2904
9451
7542
9129
6970
8524
482
9491
798
4856
2183
1530
9092
6997
5658
1810
4527
7781
7580
6441
1804
7538
7768
9757
5123
674
9138
3272
790
4335
2782
6052
164
8917
8452
3286
2587
5175
622
5677
1908
5272
5334
5505
1680
9506
2186
8344
4897
9458
1176
6205
1267
5343
8319
3638
498
9303
4753
8953
5244
1776
7622
5144
8501
4949
345
1884
4754
6693
1549
4129
7789
7380
6924
9851
787
6317
7945
1633
9474
3492
4050
303
347
9823
8733
7623
3483
2787
9494
4253
2745
5570
7794
4953
6403
6317
5069
6115
5991
7180
5109
6662
4544
3606
5667
5503
1879
7976
9551
3615
7483
8496
4757
4529
4710
494
4538
1336
4532
2755
7577
1061
6527
6949
6093
5912
5839
7784
1742
529
7389
1779
1624
9850
4442
8296
7198
5511
9506
3910
3596
7276
7127
713
9702
4987
5645
6618
1647
2847
3351
4612
6026
4807
7394
1491
3748
778
6269
736
7712
1307
7605
4294
7490
2388
392
2035
1973
9757
4376
5368
7868
9556
5099
2404
6652
3078
7336
5805
3272
3857
1039
2216
2674
4403
8422
8989
8424
1495
9169
7244
1425
8887
7719
2764
1425
892
4570
365
6032
8032
9497
4258
5680
6846
9384
5205
8642
2124
6853
3917
8625
146
3583
2791
3253
5999
401
9015
1959
4265
4001
7414
6530
2667
4841
7041
5599
8646
519
335
8683
7632
5052
5912
1910
9414
3627
6227
6715
7576
2701
7007
5070
7180
7374
5302
7783
1656
9295
3477
1433
1808
3490
9539
6514
8004
3066
2430
7990
5652
5256
8186
4115
7839
8596
7215
3274
6361
7936
6682
9599
106
3936
3722
8756
1608
6467
1420
6264
4884
3343
8458
7275
6695
2134
6114
5993
765
8056
1500
6486
5371
8578
4405
9081
9610
3400
7882
963
1409
8859
4539
4769
5603
6346
2730
7146
9046
6996
3552
4014
7711
5477
5564
928
5760
4184
6225
2515
7565
7162
5720
8948
4529
2866
8618
6539
2000
5712
9405
8459
3905
5830
6416
9194
4027
5650
36
9833
9336
330
6487
8400
5703
3493
7992
1818
4705
1026
8271
5387
6325
2262
3874
992
1650
2484
8082
5217
6345
4510
57
7525
1870
3240
9169
2716
6883
5885
3632
26
9385
5992
5030
7456
1829
6533
6517
9715
9203
4177
5487
9292
2882
5672
4332
7015
2817
2524
6192
8392
6315
3800
763
2426
155
5945
1370
6869
8581
3259
7180
9880
1965
9361
5706
1849
1587
2724
3701
2504
8409
8720
5836
6184
1578
9023
8513
1456
3536
5297
4484
4055
3163
2474
9577
5925
8646
5503
1042
908
3689
1520
8494
1991
7818
2901
5672
1226
5402
8573
8677
1490
2339
2609
8607
5152
8032
8724
1062
8892
9828
7041
573
379
5581
8691
2426
4661
3879
5994
8957
7295
7527
7348
4357
236
1183
1151
7207
5832
8493
7101
844
3002
4286
2934
527
2357
8455
2917
4485
1301
5954
1817
7939
473
4199
785
281
7944
3590
3519
844
5765
1137
8664
6059
1095
6746
9975
6825
3329
652
7827
557
6962
8152
6692
1523
9571
8898
7155
5329
1221
4846
4112
7893
4175
5677
3209
2665
9441
5000
2357
1919
1509
1111
5555
6228
8877
2230
610
6162
8538
7039
8213
2876
6889
5448
8422
2138
5276
1549
6477
8333
8203
4837
3852
4659
7821
1456
3118
9449
8725
6177
4792
9550
2883
6598
7368
3093
693
9131
6631
1784
1313
1180
8589
8798
5661
957
4663
2346
5801
8017
1666
4370
1866
3808
1344
1793
7316
161
7322
2898
5466
837
5660
4876
5844
9900
7631
2743
7893
188
7341
2208
5954
998
1636
4162
3321
9580
7464
4213
421
8212
2934
7765
8561
6855
256
482
41
3880
4887
8208
3921
3970
9273
7497
4162
8297
6152
5196
1074
1654
2906
6696
9212
5305
7457
9813
3809
4768
4071
5848
1276
6048
1194
8026
362
400
799
7717
3365
6329
7241
6481
3373
7009
9159
6076
1774
6097
5833
3210
7597
3617
7189
9262
6580
1129
5781
2450
5259
702
696
8449
6179
7530
9404
6651
241
7037
3757
9965
167
7136
3256
175
1712
3570
5993
4383
1206
4738
7262
2263
5304
2889
5397
8568
4069
8540
4439
8768
9041
9874
1773
1695
7243
2122
1514
3784
8755
8201
3591
8374
2127
8224
2061
3624
3437
2254
1152
809
4595
4746
1188
4878
7844
9823
5965
2134
6971
8146
4237
4783
6655
2942
9082
3587
588
9504
7276
8970
4387
1342
756
5166
7946
1077
429
4287
5002
645
9234
2860
1431
559
4238
3661
1364
4395
1361
2711
1682
7309
2370
3198
5360
347
4446
7877
7281
1722
9383
8672
9700
4594
2613
6816
3877
536
4989
1847
6795
307
9021
3344
2948
2647
2078
8733
2528
1165
7923
5272
2006
6680
5262
1582
2434
380
8526
9431
190
69
7435
2727
6402
8717
5186
1847
301
2073
2095
480
1263
3978
8444
5442
470
1084
2142
2963
1925
8290
9337
11
9666
2913
6692
8720
2927
7887
8413
5464
8389
3156
6844
9537
5991
8449
4365
644
7862
3626
2709
2106
7452
5430
1404
9790
3356
4170
5428
3493
4288
1033
6166
6604
4077
168
1111
7409
7253
1737
4665
8761
905
9729
8537
3420
5505
4880
5489
559
7478
1722
5749
5946
2553
7853
4137
2190
8234
504
8943
954
8165
6004
8798
1498
322
5649
3894
9181
8381
7760
2251
3062
8863
2781
9709
2673
350
3531
6407
5425
4006
7892
5103
9757
2209
9228
3944
9998
6285
5770
890
5728
7272
5128
9894
8926
5983
3046
7147
5657
3634
3391
4561
1933
3985
6794
8344
81
1373
5760
6263
5942
9314
6292
7842
6114
8137
8702
1410
8357
456
8493
8
5836
7435
2457
6759
1740
2761
6542
8307
689
3025
2667
6855
3748
3386
746
5109
9667
9961
1317
4250
2985
439
8376
7297
5285
3819
467
3660
8176
9493
4110
1844
604
8369
446
1790
3420
8973
7793
9747
4571
234
6157
218
6014
6247
8977
8771
1344
694
6263
6635
6653
6135
3356
3264
6034
1342
4189
4812
8138
1353
9700
5976
1156
9114
5341
7809
4813
8060
7943
2567
5000
4459
5617
6595
4749
23
2446
3111
1325
383
2319
1455
6183
4831
9515
7069
1057
7451
6769
7812
7166
8819
4576
3473
4169
4382
6367
5978
6648
6943
917
5361
8322
4675
3350
6791
9194
9103
4832
6493
326
443
8891
6584
2924
4075
7087
3449
1285
400
9838
4257
2292
488
890
7220
9066
4690
7241
237
5314
7239
9720
599
7606
3190
2574
8668
3656
9155
6269
7823
1014
9501
7434
9305
8290
6320
7025
9418
2333
2555
2875
4561
2511
5247
3652
1217
376
5356
9784
280
7779
4569
1250
5121
2900
5591
3763
4346
4723
6923
9383
7509
3857
5662
3528
4226
5778
4759
9692
1375
2649
4654
7496
2955
240
5808
2868
9697
1542
461
1907
4645
4906
8575
68
8330
9512
6402
3865
6318
5075
904
6976
7889
5683
2463
8089
5126
2881
3360
1140
7930
6810
9196
3711
4070
4467
142
2890
8554
9111
1088
9497
7659
6376
5622
5598
3561
5258
8405
3820
7093
1252
5280
9817
5539
1007
1489
4046
7693
2543
5706
4021
8793
5265
0
8579
1244
9285
8468
8397
5693
6053
3150
8740
3598
332
4303
3219
8700
5807
9498
8992
3415
5404
8344
9145
4655
745
3233
4711
3191
4893
3873
2368
3706
7330
287
6505
3719
3292
8289
6439
7944
6835
8725
5369
1163
5406
3498
8930
8795
7764
4427
8018
931
628
7918
6395
8795
6922
9471
618
2662
7346
6993
8863
3152
6838
2379
7563
1321
7823
8466
6537
2559
16
5281
8220
4113
6890
6663
1486
1303
8417
9816
6106
6777
4218
222
2387
4792
5241
2232
5398
8966
3666
6846
6103
2033
7724
184
9163
4737
3732
4047
2674
4774
2035
2511
974
5762
9202
9839
6690
2689
4739
7730
649
9328
2421
6212
1080
8325
3469
6538
396
7697
4193
7887
9031
4104
9349
8408
3683
1870
852
2005
8926
7740
2326
749
4865
5477
5752
2027
2066
2096
6454
4663
9583
4546
6316
902
9604
5188
6032
3454
9970
4298
7671
8587
3821
5836
9155
3656
7398
3861
9247
3670
6224
212
59
5814
9473
6314
6797
8904
944
9690
7954
7073
4765
6577
3770
9298
9764
9074
142
8990
6899
5831
7753
2896
7686
7087
1227
1178
9898
3591
5207
4543
5934
9284
8409
3903
9153
3366
5781
8409
1790
2102
2483
4580
8901
7332
2805
5225
4919
5956
2576
9424
3183
1802
7032
6485
7953
2028
717
4769
484
5387
4008
3069
3246
3563
3673
5390
2210
3308
5773
4618
5993
1539
2032
2770
1111
7820
341
4176
3266
9762
486
6896
4324
137
7083
7039
6854
7417
9739
8022
43
6102
5286
4603
5763
8563
8183
7523
8158
6175
2700
5334
7946
6348
739
3798
2858
8041
3772
8240
2656
2575
2634
828
5344
5663
707
9473
5288
4485
3299
3126
3564
1119
2959
7648
44
2305
9206
8203
8769
9065
7472
9511
9307
9104
4910
1224
5996
1204
5733
2563
1358
7625
9407
4760
5994
8684
8674
5581
6434
8244
3264
92
9500
3014
2327
1271
506
1408
6525
8473
5721
1279
8197
4775
7270
4214
6481
2084
9169
9453
5705
6714
7670
4003
1107
3102
4639
4110
8156
5027
4464
1199
7453
1873
9273
7119
6063
8313
2296
7598
8864
8987
3442
9910
747
6161
5438
3916
5084
9791
3841
8492
7328
459
6344
6398
2183
5658
6091
6314
8122
5967
562
5892
8668
4999
2550
4694
7687
4749
4263
233
7544
8134
9014
5682
5057
4549
1668
1615
9223
675
1401
3011
5029
5196
8121
6219
1932
4893
3989
4256
1779
8655
8064
1799
6701
9440
7038
2396
2464
3754
783
9209
6061
3731
6926
773
4738
3636
1059
6976
8723
913
6091
5384
9662
2099
7788
7559
5646
6085
5169
1278
4994
4234
4145
9578
1259
5857
4598
172
1785
231
2146
8504
4304
7390
4196
6533
8673
7554
4357
4014
1996
2880
8445
749
8806
4635
1914
5203
4938
2682
6432
3593
1829
9677
9674
4070
7276
448
7243
5032
9792
9117
797
4698
1610
3554
9204
422
2247
2482
3384
7985
1164
3766
2408
2185
5949
911
4867
7158
8529
5670
3351
7845
8678
6947
5059
5518
2574
1959
9888
9086
8533
1559
9008
8995
3164
5977
1564
9106
14
6495
8404
7539
3281
1157
6125
8422
6643
364
7115
3466
4544
5733
2312
7102
7419
1670
8423
3126
1499
1193
9465
412
2010
8020
8559
6436
9313
3698
7611
9453
5335
3028
1500
20
3805
1099
9935
4391
8947
8268
367
8631
2852
5026
5095
58
3451
8408
8230
8063
8394
8907
1947
5128
1442
3457
6944
149
7684
7843
3574
3453
4162
4846
644
8157
4260
1007
9330
2260
7159
985
593
405
3700
2963
5438
6810
107
455
5336
9761
5283
2751
2783
7079
8427
8711
1027
1196
2687
7301
4618
5398
3577
8399
2335
2573
5587
9700
7322
5485
1240
1542
9603
2713
9223
6633
913
261
7396
6743
8052
5581
2539
7273
8714
4795
9600
2069
3569
2921
9688
28
9314
1642
3371
4358
2002
2786
7920
8799
6544
448
8775
847
1484
8743
9191
3194
4916
6895
7900
7602
2320
3679
7153
6802
7410
1880
7804
2337
9154
8889
8853
9005
804
6946
1358
1722
9253
1101
1281
9829
4128
2361
7370
7230
5358
4135
4227
3485
1003
4081
3334
9214
8271
2830
1720
7789
6219
447
7539
7291
3961
7424
8333
3575
6767
7133
6210
3888
7160
4893
8399
5612
6133
9888
1910
1239
6032
3025
6638
8588
634
5226
1560
438
3193
2562
5464
4198
2858
7668
2009
4678
6359
947
4285
9662
9781
9621
2236
7638
4059
7172
3953
2958
4781
5999
5245
2913
5083
7992
1070
7860
3146
5887
2205
9134
5910
2102
2739
266
5650
4784
249
5064
9157
8034
6696
6162
5160
6629
3322
7898
8326
7345
2873
3594
9126
2653
3249
4664
483
1082
3008
2097
2732
7681
2195
6474
4554
6096
4165
3061
8792
910
8675
7201
7466
1223
9298
1897
9232
9012
9213
7743
9340
4350
9013
7848
1793
6201
1770
7516
6336
7705
7672
6434
2225
3212
815
7683
2548
8775
3019
7657
3483
9987
2793
4914
861
9726
8373
9176
9292
4102
822
4554
2698
8047
3262
3492
6774
8550
5836
6844
2177
6398
7824
2557
7237
4508
2428
634
1119
6748
3475
9587
6743
6153
8731
129
3578
5351
137
6870
1215
3558
2396
5956
4779
485
173
7765
8836
9708
7146
8598
5070
944
1781
5773
9867
7053
9375
8356
7424
1111
9011
4576
9537
7039
889
1129
4424
6725
9888
7427
5092
6130
2795
7796
6057
7575
5338
1910
824
9743
810
7325
2135
3375
9997
2718
41
6844
7316
3909
2159
6499
1080
8557
2488
2785
9823
294
8586
3246
2823
8097
7386
8215
432
7558
5210
6275
4978
3351
8114
924
5454
2435
1621
4438
2752
5022
1013
6433
5063
944
8860
472
6854
4488
333
6206
4700
2697
5927
6733
7600
1045
5961
9252
5045
9335
1192
7962
2524
7591
5205
8893
5254
5995
4505
6917
7484
8500
8472
8621
9037
4092
9508
5488
9400
7985
2648
3455
5022
9694
5675
4509
6220
3959
474
1082
7168
3506
5972
1052
276
2455
4584
5895
5941
966
7088
4341
1442
4261
3949
7593
3625
8922
2202
7335
6963
1240
5447
4055
9937
9970
8439
2150
8986
6401
5566
748
9093
7144
7488
8192
7966
2526
9488
5411
4050
6615
1942
4500
3801
3120
9877
9846
5233
6310
124
3572
9511
5468
6950
1484
3533
2712
2324
6064
5054
8582
7403
3038
9585
5372
9944
9189
8121
4895
5144
3230
4271
9990
7743
5305
3453
7939
6394
8975
1845
9735
3652
9793
7784
611
3538
7449
6593
9344
1451
1474
8373
8669
6937
1149
2343
6864
1087
2498
6081
3539
788
1327
3088
4164
6181
3219
8411
13
7332
1421
8323
757
2240
2551
2502
6936
2998
9408
163
5555
3954
7436
4950
9612
6790
7675
1821
3112
3834
7001
8773
7412
6368
118
5366
3176
4752
6078
7027
3527
3321
3508
4433
75
6910
6530
4518
1306
8644
2352
2973
5884
1408
199
9938
5882
4901
2724
4252
1412
8941
3051
5402
8191
7815
7862
7096
7212
8988
156
1851
9825
1577
2423
2065
9019
8748
615
9920
5280
289
6472
2582
5658
4940
9727
453
6036
7045
2650
6803
7054
7032
1999
7592
778
8538
1965
3372
4315
6845
3527
8369
427
801
9878
9250
5297
9022
2952
9487
5186
7885
7176
8057
56
5167
8285
6384
7399
5460
6431
4945
3053
835
8016
3400
7450
9334
6175
9993
9169
555
2919
572
6672
7297
1112
6910
4465
6681
9944
4190
826
7071
7288
5782
4742
8181
238
1346
9031
9733
4774
6598
8193
5390
6438
1674
5485
9797
4685
4385
8389
1687
7540
8655
5187
3899
6611
5331
1457
4693
338
1729
2132
1580
4623
68
5000
779
947
3066
7367
3269
639
207
1634
4680
5952
757
5197
8744
2362
7781
4869
8689
1724
583
9416
9699
7489
1017
3529
1339
1786
1853
3823
6530
3256
3050
5460
313
8308
2552
7722
1546
5823
3127
2165
5046
487
9679
382
3699
7013
7541
2756
2186
2882
7897
7689
3167
93
8724
2054
652
6452
473
389
607
8386
8316
8320
2152
3971
8092
8660
3083
5259
2180
6197
4861
9884
3538
712
2907
6446
823
3571
9767
5905
4950
1126
1276
1367
9382
6479
3090
5491
3672
719
9285
5039
689
7989
9919
6406
9136
3987
4329
3383
7132
8307
9596
3000
2762
9457
2647
4175
8439
6625
4630
1996
8326
4197
2498
8797
7446
9390
7491
5622
9029
9982
4247
9738
5428
7158
698
4620
5511
3419
676
472
3564
517
5562
3520
5890
5398
458
4932
3501
1744
4251
3629
9371
7617
3259
5099
2013
1832
8477
3092
9275
8908
5709
3628
7124
3916
392
2338
5661
8102
5899
8902
2275
7554
8214
795
4341
9692
5010
231
8726
481
2642
6353
7346
1731
5296
756
677
3771
3860
338
7297
6653
6435
9590
8192
1606
6366
3969
1006
5984
7514
9467
1265
4424
560
3477
9244
4562
309
2319
9661
2394
2665
2887
1967
5361
2087
7825
7353
1415
2053
1292
4872
6873
9073
8104
3375
2720
8062
359
8138
4328
5439
1997
587
9575
5497
9885
575
6196
7664
3666
281
5604
1338
5686
7560
454
7162
4904
6759
2089
7042
7624
8926
5951
1450
336
7943
699
5357
7987
5035
7821
6524
9225
6187
6433
3738
665
8427
4531
680
7261
2902
4120
8705
8816
2327
3566
923
8733
5000
2200
1431
4283
3535
8120
6021
491
4981
4998
1114
2073
1716
6168
8562
2513
5840
4393
6590
1759
6164
437
5611
1748
1063
350
4545
6219
9849
2560
6357
4444
181
8889
8758
3942
152
9871
1494
6287
7191
9820
4805
2926
7371
8581
4243
1244
1409
8384
8575
7770
202
8678
1413
263
7952
5501
7133
9278
5490
5529
8775
7115
5739
7949
4232
2600
6220
6252
604
3369
5462
7366
8845
3702
739
7082
2606
6634
4541
1841
2512
6974
2394
5766
3266
907
3195
5164
8766
3901
6102
6822
2629
5089
970
6065
9180
3758
1274
2823
7981
7230
3348
3533
7695
4708
3799
5877
657
4905
9117
4907
2653
7123
9740
1776
6997
545
1703
5154
9473
2871
6153
4500
3954
9687
3358
2529
5140
5038
3915
5139
7202
5669
8238
7837
526
4502
917
2612
7686
353
2746
1541
9628
5879
3297
2228
3645
4644
8009
8464
9648
8734
8758
1736
9739
5450
7382
381
9018
8465
1434
1813
3755
3427
568
7682
3201
8187
9216
8176
6866
7641
7946
8172
1345
5903
4891
1784
721
331
8185
1524
8774
4469
7145
3423
6534
8171
670
3397
9575
5065
6395
2489
6770
4628
9594
5753
9531
1132
256
4906
109
338
274
6990
4980
7736
7679
2138
6848
9315
3647
7656
6153
9910
3616
8858
7680
5335
2689
5526
256
4580
5534
8063
2064
134
6368
4062
8048
4912
6107
9407
386
1916
4391
4318
9215
6752
477
4063
964
9747
5924
3815
715
5120
1160
6325
1331
9631
4348
5472
6913
7601
9476
479
5137
3665
4743
7736
1137
7158
4818
6338
9655
8865
2701
9703
7824
7179
9133
3861
2436
3295
8799
3760
3459
6059
5017
8300
7163
4220
7120
5791
1245
6353
8168
2019
4420
5860
4033
385
1771
8085
1987
8511
9085
3490
8438
7384
6197
6704
4317
1892
4122
5411
9250
9966
4097
8469
6338
3886
1885
5873
823
9047
3303
4357
9070
3811
7994
9784
3815
8207
5135
7417
4865
2805
6331
9060
7190
4417
4575
9470
781
7470
1955
9735
6850
3565
9822
6330
3578
8448
5409
9709
5971
4462
8943
8885
9890
6326
5092
2788
4942
6983
4896
8323
4689
4718
5246
9915
2602
8454
2170
905
7527
6003
5782
3921
3377
2434
2825
2516
9689
8399
8884
3136
3101
7697
1676
949
8985
3329
8409
4248
4766
5773
6865
8118
9709
6070
2373
9070
2535
1700
2185
8947
208
3533
7515
3055
5197
2199
2961
3861
222
6302
3668
8626
1132
5144
9398
8083
5398
7014
8948
6705
3106
2096
2759
6380
3279
2487
1099
7183
5090
9911
6854
1366
4606
2772
6159
3690
1821
7627
7827
6848
7943
2397
2388
9206
2619
3259
5415
4092
955
6323
5254
2549
3354
916
5467
6586
2023
5267
408
620
1562
8348
9251
2384
1230
2103
6432
2799
3078
9247
5271
7054
5229
7848
6039
4769
9223
7657
32
7137
9111
9257
9015
1833
6259
655
7182
4670
9937
2784
9434
9571
6846
2560
5978
1916
6912
7915
7635
4156
2584
5599
9005
4990
3947
9478
2528
8052
8001
839
1208
5051
8490
5156
9144
7814
493
5647
4557
8181
7134
9652
829
6333
4129
6891
153
2092
3961
9300
9693
9097
6611
540
8211
4413
3920
3420
6628
6561
4957
6395
652
3649
669
1459
9687
6020
6019
9627
6909
8052
9960
8953
2796
3085
9467
1229
4549
4017
7791
2760
6771
2460
4004
6124
4079
4682
3318
7567
8741
2339
5155
2347
5237
8919
5118
5389
9349
8865
6998
531
1907
9725
9851
2911
3307
91
2784
3069
9757
8042
6183
2313
4126
7090
7750
2459
2498
8165
5480
3319
1782
2100
1428
3384
7754
9001
3538
4598
8733
293
6607
8312
3103
2208
7844
2155
5194
2470
4244
7798
6908
1835
569
4496
192
8510
957
451
3256
2964
4145
7872
137
4841
9546
684
1400
6202
2156
5708
4844
9180
8912
3291
6643
2079
5450
7169
5428
3468
1177
3205
4332
5606
7025
3532
4565
9558
6910
2464
9942
4572
8713
6000
8945
1673
1266
7315
9645
9894
3748
3776
1880
4374
4601
2476
5925
6420
5578
9737
6268
8311
5103
206
2449
7245
4167
9464
5959
9341
7949
5459
5336
4068
4571
3729
3323
2053
9395
9366
529
2388
7689
7684
5882
7368
6722
7571
8147
8418
2240
326
444
1398
7631
1391
5028
7825
4421
6997
6818
6632
2504
9627
2379
1607
2333
3996
8914
3779
2335
6857
7600
2098
3314
2052
2343
8122
4822
3176
592
2016
8858
9081
80
5891
5759
6547
615
3297
9725
3033
5531
6
1748
1722
2161
4543
8824
7726
8116
8769
5578
3758
749
604
4634
7326
9607
9310
7196
7619
1133
4576
294
1137
7703
2307
8720
8876
8339
3699
4117
3214
2917
6822
8666
2805
8299
6260
1848
6330
7413
8452
5623
3983
190
8476
5980
7212
2326
9646
8964
1633
1732
4551
9881
9459
3608
2612
6711
7137
8959
5249
8465
2175
350
6740
4334
2514
5396
6273
9588
3888
4794
4917
8981
6753
8981
2468
504
283
7778
9543
839
1457
1048
1826
1348
8044
1485
9645
4355
3298
3751
4304
2943
7506
3445
8714
9427
2028
6357
2367
6725
5593
8179
6313
1029
2051
8938
3669
3564
7203
2968
3435
2336
2476
2715
8244
8578
4358
5759
9080
1575
9103
3485
6188
4253
1182
6609
8928
4036
2076
7906
3221
6767
8780
7372
1570
7784
9045
271
3853
1844
3748
4723
8270
5117
9097
8161
1534
890
5326
7890
8299
2052
6676
9070
3682
3715
4364
5132
8397
5574
2605
7349
743
57
3333
3631
2582
711
2953
5866
6406
571
9189
3215
6735
6242
4785
7078
437
7400
4585
7719
6046
757
8882
7030
9191
6959
9906
7235
6971
7784
3038
7565
4712
9275
2057
5614
1472
1070
4173
5490
3447
6754
5141
5625
5752
9816
6761
1177
4838
3539
2388
2710
6492
4510
5978
7712
9726
9882
1802
7556
1174
1171
7984
7207
7034
2265
9543
2951
9706
5606
2272
1539
969
7799
9713
3111
2138
4440
5287
850
8428
418
8588
5077
1567
6700
9085
3358
961
9844
3720
5910
7659
6171
5002
9802
8149
5123
7249
3772
9900
5247
2199
3503
4889
2441
2463
9017
2097
8628
3089
4290
1466
7216
7855
9203
5382
1724
3564
5409
6575
3725
8888
5716
7753
1069
2223
612
3597
6219
30
7338
2586
6280
1287
1678
5540
6044
3461
690
4041
5318
4779
1823
8225
4599
3456
6108
1030
9395
2867
4326
512
8194
3605
9194
157
8921
4507
111
2541
5717
7232
5159
2471
1213
4301
4918
1167
1522
8408
4119
7681
5736
3746
1746
9644
8318
1076
9197
2961
3602
8447
8147
9076
2541
2217
9432
8355
3969
5956
3013
13
7380
7167
3583
9702
9722
9275
7297
9583
9662
1342
5721
2628
8149
3733
1231
1001
3959
7476
9697
2619
823
5568
7427
5110
8895
1732
1934
6366
4308
3068
3359
2662
3169
646
9930
9799
745
999
2849
57
6
7661
9169
4557
8390
1717
8193
1909
2529
5735
1472
8413
3990
4010
1182
3421
2138
6160
1574
1736
1508
2594
183
5522
8618
5725
9097
9849
1073
2571
9508
6904
3098
9662
631
1766
6789
2237
7736
2101
8076
626
536
7205
6928
4921
5354
2584
9587
1149
9849
9799
7324
6792
8247
8398
1565
1778
3910
879
8706
1728
8829
6942
3855
3431
8179
1658
8233
8272
536
1247
5722
6922
6556
5249
1315
856
1920
7865
3222
7848
2866
2443
9930
8905
4619
2089
6457
1362
935
1415
2902
9185
5249
4638
8866
6449
3216
7802
6202
3138
1503
919
2873
8214
9316
4935
98
9527
8611
6984
6955
199
2737
6327
8716
3601
3227
9049
3684
2167
7586
9651
7285
8705
8745
5269
7550
1109
5796
1146
4897
4586
925
2540
3051
5282
9650
999
4135
6770
8254
7813
6307
3598
5213
3709
4318
9972
7664
9520
4288
8933
2213
7007
6697
235
2727
7819
3018
4642
9407
5356
3474
7967
4654
6434
1370
2649
6901
1908
7656
3457
7905
2597
141
1539
2328
6133
5956
7019
4232
9694
9078
1301
9440
8724
6438
1309
1929
9181
5595
7411
2381
4086
5219
1567
2177
1761
7521
1101
8525
1695
1104
3124
4878
8408
9493
3088
7931
8518
976
6099
8485
1743
959
6845
4104
776
2899
500
6334
9947
2429
9480
3515
328
4090
5526
2848
1401
6000
2119
2678
3184
1126
6770
1238
9861
5361
532
1655
4364
4816
318
2333
6676
5113
1298
4822
8709
3141
3349
7251
7311
9929
9130
1494
1960
1083
5224
6813
4452
7
2081
3114
2200
4592
2018
7366
6251
5787
4696
2335
8854
7884
2403
2616
6652
177
2879
5081
3291
3159
7240
8672
5937
5158
5519
3609
9049
4722
6878
1310
742
8001
3590
9930
6765
1506
121
3474
5238
7600
3225
6848
305
7713
9967
8687
6758
1680
8991
3324
3791
4552
1636
7340
8788
404
3558
2697
5264
5395
3829
5706
3857
8265
8958
9304
2037
7907
879
7918
6032
4677
9448
2734
8821
5238
7033
2415
5427
9863
2308
2739
8694
9315
866
1292
7649
5858
3528
43
2250
8918
5154
7391
1988
1483
1752
6219
517
4475
7276
2127
3419
7355
936
8253
5513
7034
9767
237
6686
1991
1670
3785
4004
8851
800
4061
3002
8728
4518
51
1814
7014
6017
1926
3964
9176
4568
8564
7466
5561
904
8152
2570
3699
2059
3213
5951
2791
4484
8653
6140
8160
6263
7409
8738
1573
6623
8328
317
4931
1491
6709
9309
710
6599
7293
3348
5951
3074
931
4167
7261
2798
260
2923
2114
3259
3101
4048
7558
3144
1420
1128
1187
8839
7328
3072
6778
3126
5170
7352
1265
3960
3392
1014
8361
9908
5510
2
2270
6167
6614
8291
6813
9265
2256
7883
9585
8881
9513
4185
9678
6744
2446
4513
104
7064
9769
9491
7793
4232
2543
8520
8538
8918
9284
5105
992
8773
7677
1242
9530
6259
6405
9648
1223
5448
6395
7012
8154
4095
3386
2031
6140
7344
7694
6313
1572
8006
7886
2206
5552
9896
6524
950
2624
4060
3746
3799
861
8497
6861
3775
8448
4026
4777
8797
797
8544
6564
8215
459
1977
6158
4200
6765
8598
7857
7303
1485
6018
4545
9230
7106
6675
8653
3448
2161
2183
9992
6153
8916
8510
6767
9536
3000
1915
9750
4101
880
992
4154
9238
2495
5560
4688
6302
6443
2994
2221
583
202
833
2990
9476
169
4538
3697
3100
7895
9453
6719
1265
3491
9229
9812
5677
5002
110
7304
3795
9804
7936
1672
4259
7016
1319
6146
2221
3959
769
978
8050
1114
1043
5167
3434
395
3655
6031
7765
3991
3516
3148
3008
5271
69
1208
9368
7776
8036
3864
4320
3545
7760
4954
4510
5095
1170
8519
446
2681
5137
4578
6286
6413
270
7825
9365
599
9195
9566
7526
7657
6260
832
6163
3532
9762
1238
7989
5416
2687
7036
9247
5785
8829
7804
7424
64
5308
375
1293
4772
8609
3324
3016
5152
7264
5063
5926
2101
9779
5236
332
1099
93
6309
5846
3110
9614
3106
8354
9424
5452
9580
2108
2325
2325
7374
6140
8845
3341
8187
3297
2350
9538
2934
163
627
1092
8766
1509
4234
7350
6559
5507
5090
3899
362
6309
540
9554
4362
7514
9655
953
5865
7058
9335
1318
2952
9245
60
3468
4535
6159
8878
2806
2854
4331
3553
1765
8601
6302
8259
88
6
7441
8365
4791
3945
576
9590
8213
8585
6916
5091
6151
3984
2455
8917
5894
6338
4408
1222
6876
1355
9482
2759
1510
8969
727
8762
9391
1793
9111
9425
2651
840
7757
6081
3942
4637
1103
5765
8909
4043
950
7272
5897
418
7005
7302
5251
8068
1993
690
4850
4231
7409
2064
1543
8278
2554
2453
6414
1716
5781
8291
3964
9552
3635
1437
9942
3573
4208
5701
6810
6048
3671
5254
7091
437
9385
9757
5134
4719
3777
33
1154
9324
9899
6414
765
7857
98
8266
6109
3624
2457
9460
5019
5898
4646
93
8780
6117
2544
2316
174
2939
1569
6877
4920
1570
7484
7105
3398
7711
1317
6013
2556
7431
5463
6316
30
1702
6470
1966
4104
2137
871
8139
190
4515
280
7135
2540
8436
8485
6052
1974
1699
2781
2475
3174
518
7560
3721
685
9810
3521
4264
8219
3175
3353
2798
7640
322
8187
4846
5074
5906
3991
1106
3049
8440
8519
8206
9565
9769
4747
2458
6300
6823
146
3943
9686
9910
5611
5118
9507
7141
3524
1765
7531
8285
8137
784
7596
3806
8955
1792
6179
5876
4806
486
1165
2261
8899
127
1811
7310
1259
3482
4129
5562
5957
781
1910
2785
4856
4491
1392
7206
9925
8065
7365
2675
6951
9709
3138
2018
7885
435
8770
8001
3155
3344
125
5524
1911
7734
1753
901
3194
2459
6362
6937
3475
8290
6203
6932
5267
6652
5587
4917
6037
1694
8803
9624
4410
1638
592
6648
7450
8715
5480
7252
3013
1612
8498
4480
4460
3157
4100
3930
2039
5380
4859
1863
1996
8622
4395
8928
9218
494
4225
2293
7074
2109
2466
9270
2936
2262
7362
8432
1950
4882
2111
2408
5169
4565
1547
6389
6855
7095
2765
3972
8294
8515
6614
7244
3059
1744
2852
5384
1546
8442
6322
5649
2744
5642
4813
7593
804
7539
6633
5599
6832
6475
9579
394
5540
2763
2070
4241
5037
3713
6536
5950
4538
1521
9159
5537
3461
4909
5787
2646
2046
9501
9502
4374
9200
1031
2703
6423
5856
8891
6779
7332
8691
5540
3454
9670
6849
1806
9068
7739
2472
2559
3373
9425
4940
5373
1258
212
6507
3949
2145
8009
3093
6614
1543
4163
1301
1418
6193
3136
7568
2976
3431
9736
9063
709
4517
5294
3680
1300
2323
8228
1543
1833
7665
7255
5887
2376
9316
2253
2774
4656
4711
5477
9882
5418
1222
8060
9628
8740
1490
528
7307
5718
6267
9217
8183
8624
6427
3188
3118
6591
9851
6375
6909
9393
5243
4019
2402
2265
9394
7488
7046
6743
3099
3957
3588
3481
6232
487
4177
8376
487
640
9815
8720
539
5587
6748
547
886
9629
405
4966
2197
5568
8140
6677
7330
5467
6702
5915
6467
3405
1785
1923
9713
5324
411
8022
9887
2359
5193
6018
1499
1238
8482
8757
2849
9349
2802
3101
3878
2725
9181
7715
8065
1067
6571
8106
6314
5972
6640
8512
8227
1789
4977
7485
5870
182
7116
89
9479
6160
8323
5273
5865
5410
6969
5561
9804
460
6925
9058
1962
9025
8041
6556
7049
7373
9022
9820
5299
8913
7935
5807
9717
1569
61
5911
3098
6478
6797
3963
4226
7253
4693
5896
2789
7145
947
8461
3745
3287
1839
349
2662
1738
4554
6207
8452
4508
3077
8699
8054
3682
1566
4831
275
9845
5330
1091
854
7891
2570
723
7408
2280
7349
273
3671
9121
8479
9269
5637
88
6130
934
7211
3775
1335
6041
3840
7183
712
1603
5392
7529
1374
1434
4005
2990
6128
9451
1186
9933
5371
8620
8360
7962
4124
3600
9993
1142
1896
9373
469
3658
9579
6297
2743
4869
3097
9870
4177
8294
6572
6225
7553
3017
8761
2913
1513
9775
5974
7604
6187
1409
6422
7496
9776
2409
7865
3523
4582
966
3435
8827
1239
4209
9486
5201
2250
3465
6575
1339
631
7294
2023
2416
6405
3062
3395
147
2157
2546
7607
730
3823
9593
2258
179
9895
2015
7132
5626
7630
2223
2455
5834
3975
6841
8846
8663
6440
6435
1964
6263
4132
6282
678
8538
9943
1102
9835
5665
3652
1920
1348
5241
3465
9940
6603
1704
641
8961
235
6899
9005
5513
1230
4954
5978
7461
8004
2662
9978
5438
6598
509
6084
9941
4153
257
1812
12
5750
527
6069
8854
6919
8420
1293
9873
8593
5031
7453
5299
932
382
4684
4177
5804
1014
4146
8385
3212
3781
8825
3790
3548
4983
4913
6831
4249
2617
8201
2766
8555
231
1235
9623
1342
4766
1029
2905
1275
786
9190
9588
321
8427
4456
9478
172
8786
53
4358
1352
3767
3771
7006
7289
6108
4627
2909
3726
4539
6134
5833
6051
8785
4171
2768
5049
8197
5314
7753
3472
2089
9802
6930
7982
7265
36
8617
1036
9491
2898
7281
1581
7398
7678
9971
7327
8455
7322
3701
3924
8359
9735
8351
8184
2498
3529
9640
4276
9962
2595
9760
5232
5460
434
7502
6509
4664
3300
1497
7214
7849
4336
2736
8037
9431
7556
8113
410
8876
2977
2782
5766
3111
433
4901
3843
4583
4392
8067
8881
4528
8264
3208
5000
2358
8821
6629
8385
5339
6436
41
8629
6863
302
7419
6608
5176
168
2969
9108
465
7471
8125
437
4927
1550
4846
8021
3788
7568
7078
4745
234
4639
3782
929
3755
8288
6166
2881
6838
857
9769
2043
9945
3611
6101
1490
9339
9088
5743
5392
8680
1328
4876
2234
8170
5880
4586
8473
4288
2488
5755
6849
2751
4113
5730
3121
9009
208
7153
7523
679
5921
2896
8380
9309
8659
7164
2239
4577
2015
9739
1561
3109
3527
7362
2073
8379
2015
1583
8041
8114
112
4583
6696
9928
8056
3263
8784
6470
7517
4458
8385
1268
5804
9382
82
6208
7721
8039
4990
8329
7273
6810
1977
4720
868
8558
8776
4139
1432
7748
754
5408
9567
9477
7113
325
5043
1226
7553
9635
8554
8756
1435
4812
184
9767
5260
1287
2263
329
2718
4849
5090
2999
7810
443
7080
9241
7971
580
9814
6850
1071
5667
3721
6647
4925
237
8279
209
4200
4522
2171
9359
3716
5815
2470
4756
4668
3998
6316
240
1924
7547
845
2043
7658
2976
4247
2382
1199
909
6867
2571
9414
1635
5264
370
2878
3606
3886
2541
6726
7270
6941
7285
6459
1180
9415
9978
7120
6487
1483
7503
2216
9185
9298
5622
4782
8953
9059
2546
4245
6847
135
4253
5964
2909
397
4664
5714
4854
7334
228
5179
3071
6981
6523
8101
1762
5876
330
4124
9768
9142
6580
831
817
1259
1984
7738
586
6972
255
3039
6797
9318
2324
5252
3940
4675
7278
7963
3909
7663
6843
6044
2617
7138
7320
5325
3470
7405
9154
2349
7669
763
1629
3168
9748
1449
1858
3009
1495
1903
6918
642
3482
8608
2765
3484
1400
1525
5588
4802
251
4541
436
6041
9410
9158
5043
300
3757
7193
3860
9687
1676
5820
6461
3621
6304
681
1351
8140
893
3839
6540
2677
4968
2662
890
3590
9105
5412
9258
4204
6129
6403
5429
2405
6106
4195
9547
3022
3990
6758
8891
7285
1475
7466
3262
7099
3047
8901
4516
2466
1866
9708
2871
8732
3859
727
5583
806
5801
6288
4349
1874
7270
4547
6015
3455
1045
3995
2878
8200
9520
5352
1596
202
1735
8583
3429
6640
8083
7936
7281
5650
9043
3711
4280
3216
1436
435
2870
1750
44
5958
1098
9705
3175
4725
8291
1599
2472
483
4691
7531
6490
803
7377
9603
9444
848
2144
3236
286
6141
8183
7009
1903
962
298
5578
5928
9893
426
1184
27
8634
6535
4535
1070
7703
2596
1226
8874
6352
372
4415
744
7417
3187
2764
3126
1974
9584
209
4852
9278
7091
4441
9853
9721
3033
7669
2594
3256
9534
2289
1162
4665
8426
9801
3441
2120
6881
4721
4022
8804
75
5276
1310
7018
2026
6520
5346
4252
1826
5243
638
2853
1725
9762
3058
3999
8551
9392
8754
5272
939
695
3372
8950
369
5467
4420
7125
167
5317
8229
2610
5080
8988
6069
8433
1587
5699
4583
7639
5480
5243
2362
7784
3
8086
2692
7551
2224
8893
5202
495
4530
5274
5860
4323
365
1223
2365
1905
2536
8487
7678
5234
577
7739
3006
2752
2954
1521
4486
6210
1018
2349
4728
7745
2350
9029
7104
4264
9840
7960
8323
802
6415
501
3699
1878
6244
4204
7718
550
9527
6467
4905
2096
5469
419
8373
9869
2494
4846
9744
9347
8718
7964
5009
6098
5996
3325
1876
2062
1603
3977
8371
6495
3725
3365
4785
8514
1057
7030
5877
8898
5067
2446
6201
2481
4921
8866
2932
3601
6026
8
776
3403
3414
8660
3663
6463
3674
212
3686
714
2421
9764
2316
5635
9859
338
4591
3771
8758
9920
7078
9278
3852
8329
8360
2463
8312
7628
5416
9000
4590
7837
5365
9261
4457
627
1114
5134
5032
4470
2903
4048
7708
8556
250
3598
1461
3316
4276
9180
1034
4369
5794
4271
5256
313
7757
755
6928
9379
1774
9597
1452
2268
4657
6845
2550
1475
3331
7109
2081
9866
7090
5142
1805
702
1448
5467
5364
4116
3256
116
2326
2157
1548
9447
3493
3664
5693
6062
3702
8751
5179
3624
6186
6456
2229
5114
7421
3601
7851
8061
8942
6152
3802
695
496
9489
2007
3840
3558
6364
6229
7561
9768
3582
8014
6357
9092
6438
5044
3513
1422
6064
8473
2582
8728
8495
9923
8647
9200
6311
7378
2428
336
1473
7739
8958
9620
8568
926
8882
5198
917
6126
9452
8329
2745
399
6699
4064
3906
3604
9015
9975
514
6483
5869
2755
7065
9647
7733
6909
7471
6290
1100
2561
7701
2592
7551
681
9712
6136
5347
2689
2532
6984
3346
8835
4717
7136
6985
8656
8817
4127
4236
5442
743
9586
9390
9906
3629
6421
9881
9749
696
2876
6789
1238
869
9243
7175
5838
9204
5735
8710
733
7543
8602
4721
9176
9052
8760
1524
5721
7189
9881
3479
5533
9868
8464
7090
687
7691
558
6093
4514
1970
6766
2901
2566
3994
5879
9844
6787
1968
339
2672
300
2928
8705
4207
4091
6406
7403
4194
1261
4716
1502
8711
9650
7650
4763
5002
9766
5490
2550
8057
9223
1810
440
2989
7110
8750
763
2410
1071
1330
9972
4775
8855
4484
3140
348
751
165
6369
1750
4549
5196
9685
6113
5764
9153
7184
2140
8103
28
6867
1100
8219
7709
2888
2566
3961
7870
9029
3348
7289
539
7220
712
6030
2989
4035
9270
8608
5654
562
4351
3193
8692
1081
2870
578
2463
2007
3349
5675
8828
3467
5172
7097
9732
5435
9106
5796
5223
8886
694
2930
9776
1195
1632
8356
5801
4373
1063
7962
9727
5788
4093
6104
5391
3386
9519
2211
7786
7440
8030
9684
1677
8227
6672
3880
507
6905
7822
1408
8625
2015
7427
9567
6527
1167
9718
1498
980
1506
8083
9410
7117
44
2940
4659
2182
7766
5023
8343
3449
6865
309
8270
4147
8911
3300
2505
1304
9232
5522
8160
6800
9448
9100
8282
7688
4653
9877
9493
8665
7598
451
4295
1071
8143
1285
390
5149
1695
6818
2719
4794
2405
9280
4597
7374
7500
9659
2932
5714
1819
2677
9709
3809
4498
5844
886
8197
8194
2434
1674
8666
69
6292
5701
9102
7827
6199
7948
6900
7833
9744
5166
2888
7011
6875
6027
5232
7289
7285
9402
586
9438
1527
2491
7931
8827
5822
2682
8108
7247
5640
4201
6369
5241
9499
9204
9557
7085
3755
1530
632
7307
3630
9993
9473
8007
7786
7192
191
2823
4893
3163
8547
7879
9482
222
9158
2621
5354
5489
3239
5091
8978
5911
2012
6421
2382
8394
7498
5405
9079
6912
9472
2811
958
7375
375
6208
6068
6418
4315
4564
2619
384
9630
1280
7591
6674
6909
2625
9142
5265
8702
8696
1768
4459
6489
4112
7512
7132
1783
272
842
879
951
5569
290
8534
9705
5922
6021
5617
5601
6001
4612
1905
7436
4798
9239
1676
8721
2256
841
1349
9128
8049
8955
7295
568
8643
3980
9790
6170
6100
1129
390
1575
763
951
6668
702
4687
4008
4735
2440
7150
5399
728
7013
9712
2890
180
2468
1849
671
8406
295
1458
99
6441
2879
3940
6541
2519
8425
1416
5632
8428
9038
9133
3272
8624
9755
2770
5720
7117
6329
9939
4905
380
7044
4723
9324
9749
1760
2206
4632
504
447
4006
9299
4584
8724
896
5459
9164
5534
9943
9532
8203
6419
1470
8805
6611
5740
3493
7885
7612
1473
8372
4414
8440
190
3413
1708
6773
4850
6655
5285
7232
7957
4618
3138
5923
5830
6403
69
1846
693
3804
3767
803
243
6939
4070
5206
757
4863
8973
9305
2373
2803
2303
8202
5395
6749
414
9840
9058
522
7095
455
9919
773
8459
3746
1200
5972
6855
2125
1488
8582
2144
21
5134
2113
3278
699
6842
2204
395
1793
7967
8560
1322
9807
76
4
8964
415
1251
1610
5724
4759
2449
4174
8249
7154
828
7761
6164
6366
8536
868
4938
472
8624
2483
5871
9411
7054
7407
5628
2543
2750
4322
7842
9173
4964
2480
7112
9779
7527
2246
4557
3937
4666
1523
2481
4917
2711
9023
4280
5172
4811
4565
1249
6061
3105
9099
3429
3971
1791
4700
6299
3414
555
9180
8181
8317
4637
6382
4415
9298
5067
8049
3683
5737
5212
377
3958
7276
4325
6386
9900
8581
2936
867
6088
6954
8231
8883
7486
7501
4459
6796
115
9397
8987
5642
1192
3845
2034
5695
582
3516
1221
7621
5182
1131
6874
415
4179
1866
8304
6267
356
9396
729
2982
8500
1849
6415
9815
8524
712
2139
9945
4548
9714
7777
5065
4001
8120
9144
8149
7816
3408
1210
5690
645
4873
6185
7054
3415
3077
3716
2195
5501
9965
1145
8492
2874
1431
1195
4949
4541
2631
1812
7898
2498
1694
3063
8470
9238
3769
7075
9018
9271
6826
803
1424
8241
6376
5174
7340
5978
4198
8999
2409
6749
2639
846
2581
6128
5276
7734
9372
8065
2690
5969
8807
4005
7271
2298
5560
3773
6581
1528
3669
8138
7816
1839
265
1933
9026
8135
8100
6460
3813
7154
3444
9738
5805
2267
7381
3512
7559
7061
5497
1126
8956
5498
3950
5145
2900
4085
8824
6779
6360
5881
3571
6911
31
753
5580
4711
1849
352
2995
8345
9511
4603
336
2293
5352
7772
9571
7940
6615
3696
9910
466
161
1605
2482
1389
1197
8608
240
8846
2189
7001
1193
9743
8747
4802
5618
1283
7102
8901
4133
8933
3622
8077
2
4260
6771
3888
637
1024
9409
8760
6719
2101
5423
5465
4774
3450
9293
6454
7013
7446
9793
1110
8515
2823
3131
2048
7201
9125
6110
7795
5325
6644
8696
542
5503
5155
1776
7398
8322
8055
9386
7880
3116
2820
981
467
9029
633
2070
5835
9440
3539
8499
6534
564
3527
1369
249
1145
9604
5111
7374
6457
5609
8021
6252
3429
4246
9679
65
7889
9875
1914
8341
7252
5354
43
1933
9008
6827
7902
4590
565
5312
686
6642
9711
5246
3650
9105
663
2955
5069
8521
1992
7690
3315
3147
6454
4014
2026
9652
8387
9756
1429
9238
1713
3093
3822
893
4321
4684
1709
7462
2258
1121
9650
6398
3265
2707
4550
9780
8261
7272
9270
8767
6484
7547
7617
1881
5654
5985
9753
2455
8576
5412
4875
7453
459
8811
9508
486
9885
7904
1692
5340
1023
5867
9459
7255
3736
7174
2722
6816
3263
256
364
994
345
7681
1015
787
1727
4551
3621
6239
9006
5680
2482
4776
6532
2662
7702
670
5221
504
2966
1021
2354
6072
6127
2434
8139
1296
9996
2347
7152
2710
9206
3693
1323
4771
118
6883
4675
196
3304
7597
6812
2854
3072
7025
9262
4641
4595
3553
5799
5352
1917
2429
2615
9017
4963
582
6382
2953
1602
900
6361
4519
4476
669
4737
8590
9359
57
1401
9159
4781
1462
7411
7037
9839
2221
6267
5896
1282
8124
1600
9394
994
9122
1686
5173
4099
9600
9013
6843
5400
7391
1726
5959
8768
43
8809
7319
2550
2446
4377
4187
1477
2228
4766
1231
1177
6160
9396
6635
7309
981
6052
3923
2822
1841
2832
8207
7894
4999
4750
7465
6602
6380
796
6791
85
7523
5518
2352
3260
7093
9119
4691
9316
3116
4068
2824
8813
5008
8534
6210
8711
6178
746
7124
6085
9243
6914
9672
452
903
7213
8973
1927
8872
8201
6263
822
9928
5384
8165
9471
6387
7314
5601
8717
7575
6815
6884
5036
2302
71
2985
9219
2814
3405
6988
796
8085
9819
6564
8789
2510
3943
2287
2014
3889
3894
6071
413
8034
1276
1069
9161
1608
2174
978
9883
7922
8901
8465
8866
6473
5286
1537
8020
2197
930
898
2789
2469
9198
8697
3625
1803
7322
9544
1754
4089
1924
5873
1799
6306
8816
436
2185
1829
538
7678
332
2691
6134
5649
1471
9465
9919
1614
6666
5665
8114
255
4361
2539
3057
4754
3130
2887
2995
1337
4416
6677
3776
6000
5135
2013
2513
9323
2876
2938
169
4587
7610
992
7501
6577
8371
3384
8742
8880
7218
1320
5990
9784
6756
8065
463
7414
8406
8886
3220
8029
3678
6828
8217
6182
3514
5796
7487
78
1656
9660
8928
8973
8733
453
4107
7671
3281
6366
7445
919
4323
958
8639
5211
8972
3969
2531
9060
4313
4790
5824
6864
4603
3371
1993
9104
8561
4800
6409
1958
6315
4823
70
9101
5461
6064
2404
513
8048
6086
8213
7950
7828
9358
3008
2
9195
6402
1686
1909
9145
1215
3645
9499
5213
7506
8827
2934
3557
7846
2726
1371
5042
5002
1850
5825
9546
6792
4067
6374
4857
6006
4828
2032
2634
802
6553
2646
207
3035
9654
6366
2893
4011
1602
7382
691
570
456
3356
8061
7321
4766
4486
4320
5309
9421
6536
2641
7091
2691
8222
668
2156
3842
6970
4912
2462
8534
2555
522
5289
9842
2565
7254
217
9472
8493
1972
5953
1059
1366
145
4575
4061
6650
3622
4000
5850
9570
627
7143
4832
1055
148
902
4742
9753
4001
863
4866
6440
9907
3971
1487
6880
9073
1908
5480
7874
153
3172
9114
3691
8457
6750
8006
6357
4744
8089
4776
3846
2746
2926
1764
6136
1580
3858
3858
1032
9592
8087
5648
9041
7070
3877
4092
7781
2899
6467
4556
4489
419
1488
9468
2961
3777
8788
79
297
7623
9749
2259
9221
2799
4298
6237
6943
1165
3924
6947
1878
2752
948
1881
9460
6099
1149
8933
6024
2322
5384
4113
3886
2790
7751
4754
4226
5117
8664
2525
2080
538
9791
5450
4197
1972
675
6934
2165
3243
4089
4422
7300
1999
3244
3877
2420
5251
123
9801
1710
6345
7592
2665
9522
3807
6758
1914
4576
7906
8874
4320
6329
3000
1277
5618
4761
5129
6736
2638
4211
3469
2977
2172
5557
3408
3737
7193
6860
7513
7719
2683
8785
7700
2214
7428
1466
1179
7870
7147
5848
5271
7324
2896
3664
7298
1290
8379
6695
5630
6780
2130
3634
1431
1792
6089
66
8
4823
1941
5327
6559
9576
350
1959
5488
3178
4807
27
555
5405
7185
3113
7708
4782
7687
1860
3575
3044
5429
8618
1756
335
116
5298
6955
8562
7227
3834
1505
5648
4692
5013
7134
2494
5868
5283
4985
5720
142
6345
5412
1461
7516
3041
8129
6502
5754
2977
637
4956
6311
5130
3373
5185
9516
1802
9296
2233
8711
1693
9770
4251
9841
4994
3222
6630
5100
2421
822
1471
1518
9651
3582
2777
5543
1938
531
7717
7043
7075
3798
1462
1897
8308
7590
5443
761
8572
7695
4671
7298
1111
2702
3107
8653
9543
6884
4026
6655
6485
2864
7023
5064
9033
6399
6482
4883
9115
5919
901
2312
1355
8696
6542
586
7754
2136
9935
5544
6929
7210
2146
6509
8581
1173
5648
3716
1569
3123
3894
198
5963
9449
6781
5897
16
8178
6356
7918
8750
4494
1972
2317
6824
5050
1344
3792
9341
9134
8880
139
6968
9619
2092
8280
4308
3980
2552
5627
7525
1063
5257
1703
2102
2112
8472
5163
3770
163
4091
1695
7669
425
2991
7376
1183
159
1806
8453
8722
3540
3861
8256
3259
6121
9819
732
3162
8731
1383
2669
3304
5818
947
3860
6140
9061
4468
4238
383
1285
9
9241
8901
8610
3189
3231
4026
6626
5914
7125
1246
3114
6141
1912
4906
8152
5112
796
2756
6907
3456
3906
9471
1345
7898
9373
5596
7116
6824
1676
9731
1830
149
5923
6178
6704
8555
7832
9815
9181
286
4613
4522
8981
8817
7668
5392
2665
2514
1104
7277
6402
2643
6675
1473
7757
3476
6535
2038
4308
9390
364
3188
6119
1093
3273
5853
8398
7957
4530
8442
834
4961
2884
1851
9803
4547
2762
2713
8050
9331
2278
6469
8708
2766
1693
8367
1864
3258
2730
8829
3100
3762
796
2651
9079
7510
7588
8402
739
6312
8183
2991
464
6781
1011
1796
2753
6060
5339
8730
1341
8525
8919
5049
9543
2127
9472
1831
9210
8940
5354
2017
9228
4558
8375
5284
8083
7922
5799
8126
3779
7645
5889
1254
5023
5045
1559
3752
3097
5518
6476
5143
8215
445
6864
993
688
7653
9917
9953
6374
2382
7332
2547
5464
8922
2537
8863
549
1583
8958
6079
6146
4463
8227
126
722
1958
8876
9216
6018
126
5876
7720
9913
200
2500
3640
2741
5338
4327
4685
2941
62
1099
993
4508
6118
8577
694
3251
8838
2087
7052
5399
173
5416
5950
1931
9606
6234
7411
178
4379
5079
8082
409
7881
1292
1705
8528
4997
6513
8609
3282
9204
7944
202
3474
1419
6224
5244
3528
482
6456
2615
7671
460
7833
9928
2197
2650
5641
8634
6855
5865
4822
462
6949
9131
8312
2435
6904
2729
8230
1231
5464
8330
948
5084
5673
9406
5468
718
726
8137
259
3269
1638
8023
4034
9720
8216
7603
7647
2781
6006
4543
6815
2504
1293
1738
3849
5333
9366
7736
9585
2219
2640
9826
1205
2267
6919
1735
9944
1802
4536
8118
8646
2274
8883
2260
8934
5219
1834
1937
9988
2318
3611
6571
845
3871
2952
1456
3033
8608
4574
7324
687
7986
5333
536
9112
3781
6136
5725
5108
4061
2860
9553
1363
8882
6703
5518
2230
7990
4702
7970
9960
1226
5354
8870
5213
6734
6547
5159
8258
7382
7245
2674
3422
1282
6385
3160
1164
5977
3267
4183
8087
3567
4636
5238
8352
5314
8156
9594
9814
966
4731
3810
9711
7219
9778
6311
3050
5574
5972
8642
8180
739
8352
5151
5636
9293
9446
5732
5300
1210
4881
7555
5958
4440
5057
334
7961
74
1125
3707
8383
6307
1950
9247
819
431
9459
5911
504
1577
9098
4708
7672
5649
3311
1431
2256
124
2559
5688
5364
2278
4823
3950
1217
3733
1240
1407
8919
9923
4362
3498
2134
6576
3180
5025
254
756
2550
7570
7796
3701
782
7496
2316
7495
7267
1030
4436
8858
2915
778
5563
7304
7194
8232
9316
7863
9311
853
7895
5950
4216
7494
1223
7422
9281
6013
9799
2068
7479
1785
7507
1076
3709
4720
2048
7504
7362
2765
4742
6247
5443
4971
7976
7543
6227
1091
9384
9124
174
5805
1823
8263
1936
1583
5130
7615
9883
1019
6868
9512
9146
2803
2581
7599
982
4056
2952
1859
7289
5242
608
2626
9180
3279
478
2300
5025
2727
1865
2607
1933
6775
7825
2609
2785
3651
3076
8579
1255
7036
2627
2068
8552
2981
7553
4535
6054
6591
8896
1892
3300
3601
5033
1725
1899
2189
2441
4742
1076
5685
3647
2460
9367
3247
7665
2464
294
7472
3981
7194
471
4525
1026
4926
2945
9717
8380
6324
6526
2371
6820
9283
8362
5376
9745
904
6339
28
2758
3144
2067
3541
4151
5485
7965
4238
1453
6455
1224
4692
8654
4385
2837
2115
8867
9214
8195
2722
906
6702
956
6385
4857
6373
7217
9234
7992
1604
3423
8538
2547
3545
965
7105
3478
3291
2707
330
4004
6498
3239
3938
8754
7606
6179
7597
3643
9551
8690
2580
2680
436
9074
8671
9315
232
1688
1254
5026
4740
5980
4814
2523
4990
19
9533
5961
5363
7046
1977
5716
6861
1057
9303
213
9790
7937
7559
4232
1754
6031
5366
540
755
4879
7274
4288
8619
6256
3125
7766
2043
2247
5207
4790
5916
3638
7660
9651
5250
1223
2437
5759
1886
9906
1499
4694
4164
217
3151
4593
3615
6234
4312
1343
5496
19
2151
5680
5149
7794
1173
7242
6403
7897
9090
2073
1036
3338
1884
2777
3097
8289
7022
2487
5740
9511
8337
3358
3095
4863
9178
5995
1254
8632
5262
1264
8653
5179
8765
9751
87
9784
3181
1963
7082
5574
1287
146
30
1299
5019
9166
1119
3542
8241
7181
9626
2770
9256
375
9879
944
4903
1471
9230
6467
6749
5727
34
9920
8166
849
4067
4192
9001
176
7194
6767
6352
85
691
8166
7011
7438
8817
6492
6148
9127
4323
2495
609
6795
9673
8851
5928
8677
9846
2254
6633
2036
1945
8822
3741
9100
9978
5289
2198
7773
9149
2144
7115
2252
2896
5483
7480
7586
1688
1145
3462
9166
8220
5742
5883
745
5604
1302
5766
1491
9361
652
7201
784
3397
4450
1816
6659
2029
5025
3261
2025
4103
1308
4294
1713
910
6906
6993
763
6782
7116
893
9075
284
4679
7519
5223
9632
2128
856
1403
5149
7675
828
7985
7151
8761
8814
4299
7982
1449
3688
7839
1581
8364
4368
7605
5425
9607
2941
3574
8383
8857
2591
8294
4442
4199
8801
1514
5843
7415
8005
9710
3997
1119
7635
6990
3136
3504
9264
1313
2247
5909
7399
1214
7663
279
6298
8688
7530
5732
8862
2786
9236
7676
9165
4431
564
4845
7873
4577
7956
776
4708
917
768
6585
3268
2252
7321
706
2598
8771
9190
5115
8845
2423
4616
8092
2875
7213
4039
4953
5712
5083
7048
1566
8821
5627
498
5147
1496
5380
8110
2990
8667
58
5363
1877
3289
964
8069
8820
7668
3847
5295
4832
90
1928
1846
9738
3943
8344
2544
6490
8762
940
6166
6366
9855
5345
6749
738
7568
4209
1208
685
3021
5008
4518
7443
4435
1461
8917
3730
3543
7809
8660
7480
4030
9462
385
7583
4111
1670
715
9603
9470
8148
2343
6342
9401
5893
8838
6341
1048
2493
7085
4830
1141
501
7316
4210
3576
5865
2225
6511
2017
3184
5053
3361
4736
7281
1149
8029
2317
9641
6348
1915
9012
1927
3263
2721
6081
4061
2317
5904
4750
7934
8562
6396
1451
3689
8325
3718
9593
5270
9181
3688
9473
3826
5611
6012
311
1404
285
5011
3943
7650
3617
66
735
6935
4534
1835
8217
6512
9406
4061
8427
6556
9147
3567
7395
5910
1746
4301
6824
3689
9358
492
2694
3514
9321
3325
6168
1602
2452
1152
1523
2867
1873
6006
170
3044
5590
4416
6365
6908
2985
5352
3109
9008
4202
3348
1510
8526
6436
8527
4875
4748
5967
1566
2349
7049
4809
2442
2137
200
1812
1319
3980
9541
1484
6825
8506
5266
1761
80
8584
9161
5470
5583
1480
9015
6779
8135
9347
3023
9798
5039
4266
1125
2297
1700
166
919
3117
9795
9164
8057
1043
3658
537
4428
8828
4177
2263
3837
2158
5341
1587
944
4529
556
9845
4366
1354
2951
853
6809
2372
829
3481
5089
4354
2989
887
455
5414
9664
1467
1745
9998
7472
3417
3771
8182
5344
1656
5439
5076
2845
6919
2030
831
6885
7502
4899
722
2954
6518
1807
2904
4641
6577
3098
9977
2846
8731
9603
8741
1174
4868
5253
3211
4804
2269
9026
7401
8404
4591
6326
8416
1814
2691
263
594
2152
2049
6826
4542
9822
3661
8877
9655
5070
1069
3088
4009
6972
7870
384
3302
4429
8142
6363
5734
2167
3912
3791
6396
7632
6581
9520
4521
7636
6494
2246
718
3650
1105
6366
3901
3587
4764
8873
8926
4802
7410
2324
8118
5820
3522
1896
733
5856
390
4366
7636
2700
2828
7365
541
178
2956
6465
224
7054
9964
4639
2002
6384
5148
413
265
5004
2999
7419
5730
82
7958
7781
6454
884
3599
2662
5942
1553
3163
7000
2233
6494
6175
894
5960
8960
5344
5411
1140
9915
6766
7661
7688
5944
5051
2743
9785
3864
1004
6692
1251
7528
1408
7572
7321
1011
5890
9657
7325
3705
8782
439
3872
1016
5414
5865
5141
6359
9680
1196
5730
1728
1731
2595
6722
1889
8247
2715
2297
8004
6009
4339
4194
5739
6823
521
1483
4063
9938
9307
1662
8677
7083
987
3536
2518
9242
3560
1561
8148
1957
1642
9322
5168
6899
6409
5924
4976
9064
2796
1880
3241
361
9943
4844
5893
2656
6256
5594
3855
1367
4650
7622
5374
9550
5649
5785
8496
3934
2710
5466
9411
6386
5767
1160
9180
7383
4765
7859
2364
5541
9119
6379
8646
3778
660
5997
632
5279
9655
4113
14
4263
2858
4065
9414
6465
4137
3239
5451
9118
1054
6076
2132
4100
4698
9072
580
5460
1763
590
3324
5098
3938
9438
323
5309
3151
3140
999
5434
1691
2971
1553
3425
8490
3362
4317
9344
608
3237
9695
7320
6810
4376
545
1964
3571
4156
4204
2970
364
924
7441
344
202
7193
4020
2481
2171
7826
5199
3992
1032
8273
5406
7912
227
7551
2920
8281
959
4931
4026
8598
8117
3951
3410
1577
8575
4823
1505
5324
1778
6146
1468
9238
3897
1060
1901
5111
2621
9044
9216
9371
2376
6080
6530
6778
1100
2875
1533
9584
8974
4387
9532
5702
5314
7623
4422
1262
5956
6309
5962
8560
6831
4923
250
5112
6424
4938
1039
32
8289
3280
9627
6746
8079
2421
2033
1748
2792
7898
3196
133
7300
772
8721
6593
8177
5832
8962
8609
819
2843
5161
7339
9305
7120
7636
5170
3024
953
155
8635
5770
5695
789
3134
6461
5859
2731
5608
5448
3564
4719
3176
3569
8577
1591
9280
6741
6935
9491
9803
3942
7933
2086
5210
7096
9913
891
7458
6608
276
5839
1796
5523
5413
6383
607
2108
5981
9204
1072
5566
1994
1396
9641
8419
2168
10
6631
3642
5168
5321
2288
1376
2978
7311
7924
742
1935
2286
9781
9189
9763
2099
6570
